1	4
1	5
1	6
4	1
4	5
4	6
5	1
5	4
5	6
6	1
6	4
6	5
8	999633
8	993336
9	995403
9	993549
9	997066
9	993334
9	993300
9	997823
9	998745
9	993707
992614	1000752
992614	996829
992614	992947
992614	996715
992614	996666
992614	996701
992947	1000752
992947	996829
992947	992614
992947	996715
992947	996666
992947	996701
993186	995311
993300	995403
993300	993549
993300	997066
993300	9
993300	993334
993300	997823
993300	998745
993300	993707
993334	995403
993334	993549
993334	997066
993334	993300
993334	9
993334	997823
993334	998745
993334	993707
993336	999633
993336	8
993549	995403
993549	997066
993549	9
993549	993300
993549	993334
993549	997823
993549	998745
993549	993707
993707	995403
993707	993549
993707	997066
993707	993334
993707	993300
993707	9
993707	997823
993707	998745
993888	994836
993888	994043
994043	994836
994043	993888
994836	994043
994836	993888
995311	993186
995403	993549
995403	997066
995403	993334
995403	993300
995403	9
995403	997823
995403	998745
995403	993707
996666	1000752
996666	992614
996666	996829
996666	992947
996666	996715
996666	996701
996701	1000752
996701	996829
996701	992614
996701	992947
996701	996715
996701	996666
996715	1000752
996715	996829
996715	992614
996715	992947
996715	996666
996715	996701
996805	997349
996827	997364
996827	997196
996827	997300
996829	1000752
996829	992614
996829	992947
996829	996715
996829	996666
996829	996701
997066	995403
997066	993549
997066	993334
997066	993300
997066	9
997066	997823
997066	998745
997066	993707
997196	996827
997196	997364
997196	997300
997300	996827
997300	997364
997300	997196
997349	996805
997364	996827
997364	997196
997364	997300
997823	995403
997823	993549
997823	997066
997823	993300
997823	993334
997823	9
997823	998745
997823	993707
998745	995403
998745	993549
998745	997066
998745	9
998745	993300
998745	993334
998745	997823
998745	993707
999633	993336
999633	8
1000752	992614
1000752	996829
1000752	992947
1000752	996715
1000752	996666
1000752	996701
